Treatment:Control(1),Low(2),High(3), Week:Wk0(4),Wk1(5),Wk2(6),Wk3(7) indicators
(1X,I5,(T10,17F4.0))                                                            
         7
     1     1.  0.  0.  1.  0.  0.  0.
     2     1.  0.  0.  1.  0.  0.  0.
     3     0.  1.  0.  1.  0.  0.  0.
     4     0.  0.  1.  1.  0.  0.  0.
     5     0.  0.  1.  1.  0.  0.  0.
     6     1.  0.  0.  0.  1.  0.  0.
     7     1.  0.  0.  0.  1.  0.  0.
     8     0.  1.  0.  0.  1.  0.  0.
     9     0.  0.  1.  0.  1.  0.  0.
    10     0.  0.  1.  0.  1.  0.  0.
    11     1.  0.  0.  0.  0.  1.  0.
    12     1.  0.  0.  0.  0.  1.  0.
    13     0.  1.  0.  0.  0.  1.  0.
    14     0.  0.  1.  0.  0.  1.  0.
    15     0.  0.  1.  0.  0.  1.  0.
    16     1.  0.  0.  0.  0.  0.  1.
    17     1.  0.  0.  0.  0.  0.  1.
    18     0.  1.  0.  0.  0.  0.  1.
    19     0.  0.  1.  0.  0.  0.  1.
    20     0.  0.  1.  0.  0.  0.  1.
     0     0.  0.  0.  0.  0.  0.  0.
Control Low     High    Wk0     Wk1     Wk2     Wk3     
C1-W0   C2-W0   L1-W0   H1-W0   H2-W0   C1-W1   C2-W1   L1-W1   H1-W1   H2-W1   
C1-W2   C2-W2   L1-W2   H1-W2   H2-W2   C1-W3   C2-W3   L1-W3   H1-W3   H2-W3   
