Environment-by-species table, analysis 2.  8 Vars    6 Specs  3 Cov
 (I5/  1(8F9.4:/))
     6
    1
   0.0000   0.0000   0.0000   0.0000   0.0000   0.0000
    2
   0.0000   0.0000   0.0000   0.0000   0.0000   0.0000
    3
   0.0225   0.0000  -0.0225  -0.0225  -0.0451  -0.0451
    4
   0.1547   0.0000  -0.1547  -0.1547  -0.3094  -0.3094
    5
  -0.0621   0.0000   0.0621   0.0621   0.1242   0.1242
    6
   0.3391   0.0000  -0.3391  -0.3391  -0.6783  -0.6783
    7
  -0.0755   0.0000   0.0755   0.0755   0.1509   0.1509
    8
   0.2607   0.0000  -0.2607  -0.2607  -0.5214  -0.5214
 0000
 00000000
Sp1_b=-1Sp2_b=0 Sp3_b=1 Sp4_b=1 Sp5_b=2 Sp6_b=2 
Low*Wk0 Hig*Wk0 Low*Wk1 Hig*Wk1 Low*Wk2 Hig*Wk2 Low*Wk3 Hig*Wk3 
