PRC small example: 6 species
(I8,6F8.0)
 6
       1 100.000 100.000 100.000 100.000 200.000 100.000
       2 100.000 100.000 100.000 100.000 200.000 100.000
       3 100.000 100.000 100.000 100.000 200.000 100.000
       4 100.000 100.000 100.000 100.000 200.000 100.000
       5 100.000 100.000 100.000 100.000 200.000 100.000
       6 110.000  90.000 120.000  90.000 240.000 130.000
       7 110.000  90.000 120.000  90.000 240.000 130.000
       8 137.500  90.000  96.000  72.000 153.600  83.200
       9 157.143  90.000  84.000  63.000 117.600  63.700
      10 157.143  90.000  84.000  63.000 117.600  63.700
      11 120.000  80.000 140.000  80.000 240.000  70.000
      12 120.000  80.000 140.000  80.000 240.000  70.000
      13 150.000  80.000 112.000  64.000 153.600  44.800
      14 240.000  80.000  70.000  40.000  60.000  17.500
      15 240.000  80.000  70.000  40.000  60.000  17.500
      16 130.000 100.000 160.000  70.000 200.000 100.000
      17 130.000 100.000 160.000  70.000 200.000 100.000
      18 144.444 100.000 144.000  63.000 162.000  81.000
      19 216.667 100.000  96.000  42.000  72.000  36.000
      20 216.667 100.000  96.000  42.000  72.000  36.000
      00       0       0       0       0       0       0
Sp1_b=-1Sp2_b=0 Sp3_b=1 Sp4_b=1 Sp5_b=2 Sp6_b=2
C1-W0   C2-W0   L1-W0   H1-W0   H2-W0   C1-W1   C2-W1   L1-W1   H1-W1   H2-W1   
C1-W2   C2-W2   L1-W2   H1-W2   H2-W2   C1-W3   C2-W3   L1-W3   H1-W3   H2-W3   


